Event: 2009-03-19T12:00:00, BIRTH_BROTHER, 1, [-26.075, 28.09472, 1753.0]
  Technique: PSSR
    - dt_direct_return: 2009-03-11 16:56:12.574773

