Event: 2018-02-19T12:00:00, BIRTH_SISTER, 2, [-4.043055556, 39.658333333, 23.0]
  Technique: PSSR
    - dt_direct_return: 2017-11-16 15:54:48.202120

