Event: 2024-02-28T12:00:00, MOVE_HOME, 39, [-26.137999448, 28.15166606, 1753.0]
  Technique: PSSR
    - dt_converse_return: 1971-11-17 04:13:19.044938

