Event: 2017-09-22T12:00:00, VIOLENCE, 33, [-26.075, 28.09472, 1753.0]
  Technique: PSSR
    - dt_converse_return: 1978-11-16 09:21:39.770781

